000 000 000 000
001 159 159 159
002 155 155 155
003 151 151 151
004 147 147 147
005 142 142 142
006 138 138 138
007 135 135 135
008 131 131 131
009 127 127 127
010 123 123 123
011 119 119 119
012 115 115 115
013 111 111 111
014 106 106 106
015 102 102 102
016 099 099 099
017 095 095 095
018 091 091 091
019 087 087 087
020 083 083 083
021 079 079 079
022 075 075 075
023 071 071 071
024 067 067 067
025 062 062 062
026 058 058 058
027 054 054 054
028 051 051 051
029 047 047 047
030 043 043 043
031 038 038 038
032 035 035 035
033 030 030 030
034 027 027 027
035 023 023 023
036 019 019 019
037 015 015 015
038 011 011 011
039 000 000 000
040 191 191 191
041 178 178 178
042 165 165 165
043 153 153 153
044 141 141 141
045 129 129 129
046 118 118 118
047 110 110 110
048 105 105 105
049 101 101 101
050 096 096 096
051 092 092 092
052 088 088 088
053 082 082 082
054 078 078 078
055 074 074 074
056 070 070 070
057 066 066 066
058 060 060 060
059 056 056 056
060 052 052 052
061 049 049 049
062 042 042 042
063 038 038 038
064 037 037 037
065 033 033 033
066 029 029 029
067 025 025 025
068 021 021 021
069 018 018 018
070 014 014 014
071 012 012 012
072 246 246 246
073 241 241 241
074 237 237 237
075 234 234 234
076 215 215 215
077 190 190 190
078 164 164 164
079 138 138 138
080 115 115 115
081 104 104 104
082 096 096 096
083 086 086 086
084 076 076 076
085 067 067 067
086 060 060 060
087 051 051 051
088 047 047 047
089 042 042 042
090 032 032 032
091 027 027 027
092 022 022 022
093 016 016 016
094 011 011 011
095 006 006 006
096 112 112 112
097 095 095 095
098 080 080 080
099 068 068 068
100 057 057 057
101 049 049 049
102 042 042 042
103 037 037 037
104 032 032 032
105 028 028 028
106 023 023 023
107 017 017 017
108 075 075 075
109 061 061 061
110 048 048 048
111 037 037 037
112 172 172 172
113 152 152 152
114 135 135 135
115 126 126 126
116 119 119 119
117 111 111 111
118 103 103 103
119 095 095 095
120 090 090 090
121 083 083 083
122 075 075 075
123 070 070 070
124 063 063 063
125 058 058 058
126 051 051 051
127 047 047 047
128 115 115 115
129 102 102 102
130 092 092 092
131 081 081 081
132 069 069 069
133 059 059 059
134 049 049 049
135 040 040 040
136 175 175 175
137 155 155 155
138 136 136 136
139 121 121 121
140 113 113 113
141 106 106 106
142 102 102 102
143 096 096 096
144 090 090 090
145 086 086 086
146 079 079 079
147 073 073 073
148 069 069 069
149 061 061 061
150 057 057 057
151 053 053 053
152 054 054 054
153 050 050 050
154 045 045 045
155 041 041 041
156 038 038 038
157 032 032 032
158 028 028 028
159 026 026 026
160 139 139 139
161 124 124 124
162 109 109 109
163 095 095 095
164 091 091 091
165 087 087 087
166 079 079 079
167 075 075 075
168 073 073 073
169 069 069 069
170 065 065 065
171 060 060 060
172 057 057 057
173 053 053 053
174 049 049 049
175 045 045 045
176 041 041 041
177 037 037 037
178 034 034 034
179 030 030 030
180 026 026 026
181 022 022 022
182 018 018 018
183 016 016 016
184 089 089 089
185 089 089 089
186 089 089 089
187 243 243 243
188 209 209 209
189 177 177 177
190 143 143 143
191 114 114 114
192 094 094 094
193 082 082 082
194 070 070 070
195 062 062 062
196 058 058 058
197 050 050 050
198 046 046 046
199 042 042 042
200 038 038 038
201 034 034 034
202 030 030 030
203 026 026 026
204 022 022 022
205 018 018 018
206 014 014 014
207 012 012 012
208 216 216 216
209 205 205 205
210 197 197 197
211 188 188 188
212 181 181 181
213 172 172 172
214 164 164 164
215 156 156 156
216 149 149 149
217 144 144 144
218 133 133 133
219 120 120 120
220 106 106 106
221 094 094 094
222 082 082 082
223 071 071 071
224 062 062 062
225 056 056 056
226 051 051 051
227 047 047 047
228 043 043 043
229 041 041 041
230 034 034 034
231 030 030 030
232 028 028 028
233 024 024 024
234 020 020 020
235 019 019 019
236 015 015 015
237 012 012 012
238 008 008 008
239 089 089 089
240 089 089 089
241 089 089 089
242 089 089 089
243 089 089 089
244 089 089 089
245 089 089 089
246 089 089 089
247 089 089 089
248 089 089 089
249 089 089 089
250 089 089 089
251 089 089 089
252 089 089 089
253 089 089 089
254 089 089 089
255 087 087 087
